left_x(col) left_y(row)	right_x(col) right_y(row)	coefficient
378	948		260	911		0.980055
396	942		279	905		0.877771
72	734		514	709		0.716935
459	892		340	855		0.948533
600	924		479	887		0.864465
414	976		297	939		0.932028
304	850		188	815		0.985551
253	1057		138	1018		0.89515
424	390		304	358		0.899821
180	1086		67	1047		0.807892
257	134		134	98		0.94918
699	540		577	507		0.885784
502	612		382	579		0.748232
577	353		455	321		0.942434
253	739		137	705		0.967767
636	969		515	932		0.835581
399	911		282	874		0.96815
599	1044		479	1006		0.960648
418	922		300	885		0.965167
251	893		135	857		0.948412
502	999		383	961		0.855171
125	741		296	742		0.718574
463	635		344	602		0.90378
258	1091		144	1052		0.88581
273	969		158	932		0.887199
553	950		433	913		0.989609
550	1003		431	965		0.951314
235	843		92	871		0.76678
271	901		584	932		0.946629
494	841		375	805		0.921895
26	1055		388	1054		0.787932
393	950		276	913		0.950658
50	794		638	833		0.8332
244	261		125	230		0.860795
355	472		236	440		0.915944
211	588		95	556		0.918995
501	574		380	541		0.944035
600	887		479	851		0.955831
271	729		155	695		0.966961
656	943		535	906		0.93715
450	502		330	470		0.899991
410	1063		292	1024		0.954658
450	761		331	726		0.935003
242	885		127	849		0.958556
553	950		433	913		0.989609
62	709		154	663		0.839918
399	911		282	874		0.96815
51	1005		431	988		0.865068
584	493		463	460		0.885892
282	903		166	867		0.920727
412	1064		294	1025		0.972325
474	846		354	810		0.962635
321	851		205	816		0.87477
632	876		511	840		0.896562
66	1008		506	1039		0.770667
399	911		282	874		0.96815
443	187		321	156		0.891006
656	994		535	956		0.823402
271	230		152	200		0.9461
477	384		356	352		0.829674
120	225		664	244		0.937317
352	1051		236	1013		0.983515
275	731		159	697		0.91484
212	589		96	557		0.916317
501	999		381	961		0.857339
396	936		279	899		0.922117
286	864		170	828		0.926969
479	842		359	806		0.920252
214	806		505	806		0.932006
545	850		425	814		0.899916
622	622		500	588		0.960361
105	955		56	974		0.902682
361	1113		245	1073		0.930636
334	785		217	750		0.876255
670	949		549	912		0.930167
206	940		92	903		0.979932
491	390		370	358		0.929121
676	460		554	428		0.772546
525	882		406	846		0.914157
290	943		174	906		0.932963
533	612		413	579		0.954107
723	872		601	836		0.981067
51	1020		248	1055		0.732533
405	422		285	390		0.927728
271	230		152	200		0.9461
278	733		162	699		0.918656
554	871		434	835		0.879692
256	890		140	854		0.943455
151	911		38	875		0.963469
418	1002		300	964		0.764513
503	1000		318	1024		0.841259
217	920		102	884		0.962155
553	950		433	913		0.989609
327	187		208	156		0.975172
56	1084		420	1116		0.874419
693	1053		571	1014		0.971322
557	871		437	835		0.854875
392	541		272	508		0.87421
232	320		114	289		0.915901
321	851		205	816		0.87477
400	450		279	418		0.911186
453	446		333	414		0.856943
508	1008		390	970		0.855424
552	562		431	529		0.957915
100	519		75	507		0.796012
736	869		614	833		0.946449
486	404		365	372		0.858673
440	747		321	713		0.938389
300	1012		524	1028		0.945907
329	189		210	158		0.969995
461	1013		343	975		0.93766
558	872		438	836		0.891861
393	515		293	473		0.908127
327	845		211	810		0.869353
628	831		507	795		0.95027
568	924		447	887		0.963595
450	522		330	489		0.833965
564	537		443	504		0.945904
198	784		83	749		0.857176
598	864		477	828		0.973298
295	141		175	111		0.944507
232	320		114	289		0.915901
348	105		269	89		0.973676
218	466		101	435		0.905939
502	447		382	415		0.873917
250	502		133	470		0.943117
736	869		614	833		0.946449
328	998		211	960		0.841121
650	914		529	877		0.918166
444	621		325	588		0.917062
400	846		282	810		0.858884
565	538		444	505		0.960753
350	811		233	776		0.839968
599	870		478	834		0.972884
153	645		37	612		0.9713
267	870		152	834		0.820545
338	479		219	447		0.925199
582	926		461	889		0.930741
156	990		601	946		0.846323
378	948		260	911		0.980055
401	846		283	811		0.841333
350	824		233	789		0.939116
180	944		610	947		0.86503
504	447		383	415		0.896976
241	541		124	509		0.881148
550	861		430	825		0.885031
223	779		107	745		0.882747
278	238		159	207		0.832971
172	1050		59	1012		0.913442
659	804		538	769		0.927111
150	875		37	839		0.873818
349	961		233	924		0.946805
614	412		492	380		0.705009
200	830		86	795		0.842588
378	948		260	911		0.980055
93	550		316	569		0.907179
350	864		231	828		0.812361
672	1068		550	1029		0.984606
200	733		84	699		0.981374
151	881		54	918		0.705288
498	239		376	208		0.863289
729	914		607	877		0.884458
355	472		236	440		0.915944
323	1074		206	1035		0.926006
469	564		349	531		0.949527
522	313		401	282		0.981842
262	539		145	507		0.916488
321	180		201	149		0.899077
502	1054		384	1015		0.912963
100	940		264	905		0.922289
255	804		139	769		0.980356
663	800		541	765		0.915832
84	899		267	908		0.887227
674	1070		552	1031		0.968632
350	896		233	860		0.859332
121	553		5	521		0.938942
729	914		607	877		0.884458
377	919		260	882		0.973633
506	1069		388	1030		0.908538
452	1049		334	1010		0.854349
290	834		175	799		0.940752
249	733		132	699		0.96613
506	308		385	276		0.900318
656	605		534	571		0.972486
121	984		8	947		0.95039
450	152		328	120		0.960084
298	527		179	495		0.878648
190	948		76	911		0.941855
554	397		432	365		0.899979
535	801		415	766		0.959643
108	925		111	898		0.830647
397	55		275	23		0.927027
449	861		331	825		0.973172
723	1019		601	981		0.980178
574	746		454	711		0.973772
529	792		409	757		0.984418
512	631		392	598		0.941664
169	619		53	586		0.905868
629	1014		509	976		0.912228
450	912		332	876		0.932864
411	1063		293	1024		0.961158
719	828		597	792		0.931634
200	206		81	176		0.906674
324	1044		208	1006		0.896648
600	906		479	870		0.874655
292	1027		251	1026		0.714461
607	821		486	785		0.924404
490	697		370	663		0.865955
554	397		432	365		0.899979
608	642		552	624		0.962418
405	788		298	747		0.977107
350	89		198	71		0.950038
165	888		52	852		0.914222
195	1071		81	1032		0.780039
745	956		622	919		0.943151
600	880		479	844		0.912391
383	459		264	427		0.862988
507	529		387	496		0.914245
603	900		483	863		0.904607
320	1027		205	989		0.967515
704	915		583	878		0.94289
321	85		165	62		0.859595
665	620		543	586		0.952632
730	781		608	746		0.895018
388	456		268	424		0.874468
308	260		43	305		0.922175
206	994		556	1033		0.801725
237	131		356	166		0.811232
622	622		500	588		0.960361
554	397		432	365		0.899979
542	506		421	473		0.93217
318	707		201	673		0.824546
650	837		529	801		0.889614
150	203		32	173		0.903277
451	868		332	832		0.862651
421	785		302	750		0.972026
137	844		24	809		0.949216
300	343		181	312		0.946268
328	188		209	157		0.970977
294	543		176	511		0.952788
224	71		233	107		0.936306
669	878		548	842		0.91565
501	166		380	137		0.975792
499	749		380	715		0.918034
306	542		188	510		0.956366
155	1064		42	1025		0.954487
368	152		247	121		0.98532
690	847		568	811		0.939316
300	1075		185	1036		0.889682
392	427		277	436		0.965267
600	640		479	606		0.974117
565	462		443	429		0.929222
155	1064		42	1025		0.954487
450	591		330	558		0.970187
216	920		101	884		0.952749
374	440		254	408		0.986844
305	522		185	490		0.965691
641	361		510	334		0.808067
593	466		472	434		0.904602
116	958		4	921		0.948683
460	639		341	606		0.862019
217	927		103	891		0.854532
350	293		230	262		0.955193
338	506		218	474		0.859527
631	505		509	472		0.936266
249	572		132	540		0.755087
699	250		576	218		0.930913
475	587		355	554		0.972561
328	1086		212	1047		0.954918
369	278		249	247		0.904452
356	492		237	460		0.987898
650	325		527	293		0.974029
382	151		261	120		0.982162
484	550		364	517		0.939524
166	974		53	937		0.948063
442	377		322	345		0.948151
650	590		528	556		0.926208
650	325		527	293		0.974029
502	612		382	579		0.748232
421	785		302	750		0.972026
